0.000000 -2.658859 -4.731785 -0.534332 -2.135157 4.560339 -1.763926 -2.362951 -6.189173 1.672611 7.156967 6.360619 0.625648 
0.050000 -2.725328 -4.849904 -0.547872 -2.188499 4.674233 -1.807896 -2.421983 -6.343912 1.714521 7.335810 6.519583 0.641246 
0.100000 -2.791856 -4.967807 -0.561760 -2.241823 4.788019 -1.851666 -2.480991 -6.498812 1.756645 7.514669 6.678600 0.656781 
0.150000 -2.858438 -5.085504 -0.575981 -2.295129 4.901704 -1.895247 -2.539977 -6.653866 1.798974 7.693544 6.837666 0.672254 
0.200000 -2.925074 -5.203005 -0.590519 -2.348418 5.015291 -1.938648 -2.598941 -6.809067 1.841497 7.872433 6.996781 0.687670 
0.250000 -2.991760 -5.320319 -0.605359 -2.401691 5.128786 -1.981876 -2.657886 -6.964408 1.884206 8.051336 7.155941 0.703029 
0.300000 -3.058493 -5.437454 -0.620488 -2.454949 5.242192 -2.024941 -2.716811 -7.119882 1.927093 8.230253 7.315144 0.718336 
0.350000 -3.125273 -5.554419 -0.635892 -2.508192 5.355514 -2.067848 -2.775717 -7.275483 1.970149 8.409182 7.474388 0.733592 
0.400000 -3.192096 -5.671221 -0.651559 -2.561421 5.468755 -2.110606 -2.834606 -7.431207 2.013366 8.588123 7.633672 0.748799 
0.450000 -3.258961 -5.787867 -0.667478 -2.614637 5.581919 -2.153221 -2.893478 -7.587047 2.056738 8.767076 7.792995 0.763960 
0.500000 -3.325867 -5.904364 -0.683638 -2.667840 5.695010 -2.195698 -2.952334 -7.742999 2.100258 8.946041 7.952353 0.779077 
0.550000 -3.392810 -6.020719 -0.700028 -2.721031 5.808030 -2.238044 -3.011174 -7.899057 2.143920 9.125016 8.111746 0.794152 
0.600000 -3.459791 -6.136937 -0.716639 -2.774211 5.920983 -2.280265 -3.070000 -8.055218 2.187718 9.304002 8.271172 0.809186 
0.650000 -3.526807 -6.253024 -0.733462 -2.827379 6.033871 -2.322365 -3.128811 -8.211478 2.231646 9.482998 8.430631 0.824181 
0.700000 -3.593857 -6.368985 -0.750488 -2.880537 6.146697 -2.364350 -3.187609 -8.367832 2.275699 9.662003 8.590120 0.839139 
0.750000 -3.660940 -6.484826 -0.767710 -2.933684 6.259464 -2.406223 -3.246394 -8.524277 2.319872 9.841018 8.749638 0.854061 
0.800000 -3.728054 -6.600551 -0.785118 -2.986821 6.372175 -2.447990 -3.305167 -8.680808 2.364161 10.020042 8.909185 0.868948 
0.850000 -3.795199 -6.716165 -0.802707 -3.039949 6.484830 -2.489655 -3.363927 -8.837424 2.408560 10.199075 9.068759 0.883803 
0.900000 -3.862372 -6.831671 -0.820470 -3.093068 6.597433 -2.531221 -3.422676 -8.994120 2.453066 10.378116 9.228359 0.898625 
0.950000 -3.929574 -6.947075 -0.838399 -3.146179 6.709986 -2.572693 -3.481413 -9.150894 2.497674 10.557166 9.387984 0.913417 
1.000000 -3.996802 -7.062380 -0.856488 -3.199281 6.822490 -2.614073 -3.540140 -9.307743 2.542381 10.736223 9.547633 0.928180 
1.051000 -4.065402 -7.179892 -0.875099 -3.253436 6.937196 -2.656190 -3.600031 -9.467803 2.588081 10.918870 9.710500 0.943209 
1.101000 -4.132682 -7.295008 -0.893495 -3.306522 7.049607 -2.697396 -3.658738 -9.624795 2.632976 11.097942 9.870196 0.957915 
1.151000 -4.199987 -7.410035 -0.912035 -3.359601 7.161975 -2.738520 -3.717435 -9.781854 2.677961 11.277022 10.029914 0.972595 
1.201000 -4.267314 -7.524976 -0.930714 -3.412672 7.274302 -2.779566 -3.776123 -9.938978 2.723030 11.456109 10.189652 0.987250 
1.251000 -4.334664 -7.639835 -0.949527 -3.465737 7.386588 -2.820536 -3.834802 -10.096164 2.768182 11.635203 10.349411 1.001880 
1.301000 -4.402037 -7.754614 -0.968468 -3.518795 7.498836 -2.861432 -3.893472 -10.253411 2.813414 11.814303 10.509190 1.016487 
1.351000 -4.469430 -7.869317 -0.987535 -3.571846 7.611046 -2.902258 -3.952134 -10.410716 2.858722 11.993410 10.668987 1.031070 
1.401000 -4.536844 -7.983945 -1.006722 -3.624891 7.723220 -2.943015 -4.010788 -10.568078 2.904105 12.172523 10.828803 1.045632 
1.451000 -4.604277 -8.098501 -1.026026 -3.677930 7.835359 -2.983705 -4.069434 -10.725495 2.949560 12.351642 10.988636 1.060172 
1.501000 -4.671730 -8.212987 -1.045444 -3.730964 7.947464 -3.024332 -4.128073 -10.882964 2.995084 12.530767 11.148487 1.074692 
1.551000 -4.739201 -8.327406 -1.064970 -3.783992 8.059537 -3.064896 -4.186705 -11.040485 3.040676 12.709898 11.308354 1.089191 
1.601000 -4.806690 -8.441760 -1.084603 -3.837014 8.171578 -3.105401 -4.245329 -11.198056 3.086332 12.889034 11.468238 1.103671 
1.651000 -4.874197 -8.556051 -1.104338 -3.890032 8.283589 -3.145847 -4.303947 -11.355675 3.132053 13.068176 11.628137 1.118133 
1.701000 -4.941721 -8.670280 -1.124173 -3.943044 8.395570 -3.186237 -4.362559 -11.513341 3.177834 13.247323 11.788051 1.132576 
1.751000 -5.009261 -8.784451 -1.144105 -3.996051 8.507522 -3.226572 -4.421163 -11.671052 3.223675 13.426475 11.947980 1.147001 
1.801000 -5.076817 -8.898563 -1.164130 -4.049054 8.619447 -3.266854 -4.479762 -11.828807 3.269574 13.605632 12.107923 1.161410 
1.851000 -5.144388 -9.012620 -1.184246 -4.102052 8.731345 -3.307085 -4.538355 -11.986605 3.315528 13.784795 12.267880 1.175802 
1.901000 -5.211975 -9.126623 -1.204450 -4.155045 8.843217 -3.347265 -4.596942 -12.144445 3.361537 13.963962 12.427850 1.190178 
1.951000 -5.279576 -9.240573 -1.224740 -4.208034 8.955064 -3.387397 -4.655523 -12.302324 3.407599 14.143134 12.587834 1.204538 
2.001000 -5.347192 -9.354472 -1.245113 -4.261020 9.066886 -3.427482 -4.714099 -12.460244 3.453712 14.322310 12.747830 1.218883 
2.051000 -5.414821 -9.468321 -1.265567 -4.314001 9.178684 -3.467521 -4.772669 -12.618201 3.499875 14.501491 12.907838 1.233213 
2.101000 -5.482464 -9.582122 -1.286099 -4.366978 9.290459 -3.507516 -4.831235 -12.776196 3.546087 14.680676 13.067859 1.247529 
2.151000 -5.550120 -9.695876 -1.306708 -4.419951 9.402212 -3.547467 -4.889795 -12.934227 3.592345 14.859866 13.227891 1.261830 
2.201000 -5.617788 -9.809585 -1.327392 -4.472920 9.513943 -3.587377 -4.948350 -13.092292 3.638650 15.039059 13.387935 1.276119 
2.251000 -5.685470 -9.923249 -1.348148 -4.525886 9.625652 -3.627245 -5.006901 -13.250393 3.684999 15.218257 13.547989 1.290394 
2.301000 -5.753163 -10.036870 -1.368974 -4.578849 9.737341 -3.667073 -5.065447 -13.408526 3.731392 15.397459 13.708054 1.304656 
2.351000 -5.820868 -10.150448 -1.389870 -4.631808 9.849010 -3.706863 -5.123989 -13.566692 3.777827 15.576665 13.868130 1.318906 
2.401000 -5.888585 -10.263986 -1.410832 -4.684763 9.960660 -3.746615 -5.182526 -13.724890 3.824303 15.755874 14.028216 1.333144 
2.451000 -5.956312 -10.377484 -1.431859 -4.737716 10.072290 -3.786330 -5.241059 -13.883119 3.870819 15.935087 14.188313 1.347369 
2.501000 -6.024051 -10.490943 -1.452949 -4.790665 10.183902 -3.826009 -5.299588 -14.041378 3.917375 16.114304 14.348418 1.361583 
2.551000 -6.091801 -10.604364 -1.474102 -4.843612 10.295496 -3.865653 -5.358112 -14.199666 3.963968 16.293525 14.508534 1.375786 
2.601000 -6.159561 -10.717748 -1.495315 -4.896555 10.407073 -3.905263 -5.416633 -14.357983 4.010599 16.472749 14.668658 1.389978 
2.651000 -6.227331 -10.831097 -1.516587 -4.949495 10.518632 -3.944839 -5.475150 -14.516328 4.057267 16.651976 14.828792 1.404159 
2.701000 -6.295111 -10.944409 -1.537916 -5.002433 10.630175 -3.984383 -5.533663 -14.674700 4.103970 16.831207 14.988934 1.418330 
2.751000 -6.362901 -11.057688 -1.559302 -5.055368 10.741702 -4.023896 -5.592173 -14.833099 4.150707 17.010441 15.149085 1.432491 
2.801000 -6.430700 -11.170933 -1.580742 -5.108300 10.853212 -4.063377 -5.650679 -14.991524 4.197478 17.189679 15.309244 1.446641 
2.851000 -6.498508 -11.284146 -1.602236 -5.161230 10.964708 -4.102828 -5.709181 -15.149974 4.244283 17.368919 15.469412 1.460782 
2.901000 -6.566326 -11.397326 -1.623782 -5.214157 11.076188 -4.142250 -5.767681 -15.308449 4.291119 17.548163 15.629588 1.474913 
2.951000 -6.634152 -11.510475 -1.645379 -5.267081 11.187653 -4.181643 -5.826176 -15.466949 4.337987 17.727410 15.789771 1.489035 
3.001000 -6.701987 -11.623594 -1.667026 -5.320003 11.299105 -4.221008 -5.884669 -15.625472 4.384886 17.906660 15.949962 1.503148 
3.051000 -6.769831 -11.736683 -1.688722 -5.372923 11.410542 -4.260345 -5.943158 -15.784019 4.431815 18.085912 16.110161 1.517253 
3.101000 -6.837683 -11.849743 -1.710465 -5.425840 11.521965 -4.299656 -6.001645 -15.942589 4.478773 18.265168 16.270367 1.531348 
3.151000 -6.905543 -11.962775 -1.732255 -5.478756 11.633375 -4.338940 -6.060128 -16.101180 4.525760 18.444426 16.430580 1.545435 
3.201000 -6.973411 -12.075778 -1.754091 -5.531669 11.744772 -4.378198 -6.118608 -16.259794 4.572775 18.623688 16.590800 1.559514 
3.251000 -7.041287 -12.188755 -1.775971 -5.584579 11.856157 -4.417431 -6.177086 -16.418429 4.619818 18.802952 16.751027 1.573584 
3.301000 -7.109170 -12.301705 -1.797895 -5.637488 11.967529 -4.456640 -6.235560 -16.577084 4.666888 18.982218 16.911261 1.587647 
3.351000 -7.177061 -12.414629 -1.819862 -5.690395 12.078888 -4.495824 -6.294032 -16.735761 4.713984 19.161488 17.071501 1.601702 
3.401000 -7.244959 -12.527527 -1.841870 -5.743299 12.190236 -4.534985 -6.352501 -16.894457 4.761106 19.340759 17.231748 1.615750 
3.451000 -7.312864 -12.640400 -1.863920 -5.796202 12.301572 -4.574123 -6.410968 -17.053173 4.808253 19.520034 17.392001 1.629789 
3.501000 -7.380776 -12.753249 -1.886009 -5.849103 12.412897 -4.613238 -6.469432 -17.211908 4.855425 19.699311 17.552260 1.643822 
3.551000 -7.448696 -12.866074 -1.908138 -5.902002 12.524210 -4.652331 -6.527893 -17.370661 4.902621 19.878590 17.712525 1.657848 
3.601000 -7.516621 -12.978875 -1.930305 -5.954899 12.635513 -4.691402 -6.586352 -17.529434 4.949841 20.057872 17.872796 1.671866 
3.651000 -7.584554 -13.091654 -1.952510 -6.007794 12.746804 -4.730453 -6.644808 -17.688224 4.997085 20.237156 18.033073 1.685878 
3.701000 -7.652493 -13.204410 -1.974752 -6.060688 12.858086 -4.769482 -6.703262 -17.847032 5.044351 20.416443 18.193356 1.699883 
3.751000 -7.720438 -13.317143 -1.997030 -6.113580 12.969357 -4.808491 -6.761714 -18.005858 5.091640 20.595732 18.353644 1.713882 
3.801000 -7.788390 -13.429856 -2.019344 -6.166470 13.080618 -4.847479 -6.820163 -18.164700 5.138950 20.775023 18.513938 1.727874 
3.851000 -7.856348 -13.542547 -2.041693 -6.219358 13.191869 -4.886449 -6.878610 -18.323560 5.186282 20.954316 18.674237 1.741859 
3.901000 -7.924311 -13.655217 -2.064076 -6.272245 13.303111 -4.925399 -6.937055 -18.482435 5.233635 21.133612 18.834542 1.755839 
3.951000 -7.992281 -13.767867 -2.086492 -6.325130 13.414343 -4.964330 -6.995498 -18.641327 5.281009 21.312909 18.994852 1.769812 
4.001000 -8.060256 -13.880497 -2.108941 -6.378014 13.525565 -5.003242 -7.053939 -18.800235 5.328404 21.492209 19.155166 1.783780 
4.051000 -8.128237 -13.993107 -2.131423 -6.430896 13.636779 -5.042136 -7.112378 -18.959158 5.375818 21.671511 19.315486 1.797741 
4.101000 -8.196224 -14.105698 -2.153936 -6.483777 13.747984 -5.081013 -7.170814 -19.118097 5.423251 21.850815 19.475811 1.811697 
4.151000 -8.264216 -14.218270 -2.176480 -6.536656 13.859180 -5.119872 -7.229249 -19.277050 5.470704 22.030121 19.636140 1.825648 
4.201000 -8.332214 -14.330823 -2.199055 -6.589534 13.970367 -5.158714 -7.287681 -19.436019 5.518176 22.209429 19.796474 1.839592 
4.251000 -8.400217 -14.443358 -2.221660 -6.642410 14.081547 -5.197539 -7.346112 -19.595001 5.565667 22.388739 19.956813 1.853532 
4.301000 -8.468225 -14.555876 -2.244294 -6.695285 14.192717 -5.236347 -7.404541 -19.753998 5.613175 22.568051 20.117157 1.867466 
4.351000 -8.536238 -14.668376 -2.266957 -6.748159 14.303880 -5.275139 -7.462968 -19.913009 5.660702 22.747364 20.277504 1.881395 
4.401000 -8.604256 -14.780858 -2.289649 -6.801031 14.415035 -5.313915 -7.521393 -20.072033 5.708246 22.926680 20.437857 1.895318 
4.451000 -8.672279 -14.893324 -2.312368 -6.853902 14.526182 -5.352676 -7.579816 -20.231071 5.755807 23.105997 20.598213 1.909237 
4.501000 -8.740307 -15.005773 -2.335115 -6.906772 14.637321 -5.391421 -7.638238 -20.390123 5.803385 23.285317 20.758574 1.923151 
4.551000 -8.808340 -15.118205 -2.357889 -6.959640 14.748453 -5.430151 -7.696658 -20.549187 5.850980 23.464638 20.918939 1.937059 
4.601000 -8.876377 -15.230622 -2.380690 -7.012507 14.859578 -5.468865 -7.755076 -20.708264 5.898592 23.643961 21.079308 1.950963 
4.651000 -8.944419 -15.343022 -2.403516 -7.065373 14.970695 -5.507566 -7.813493 -20.867354 5.946219 23.823285 21.239681 1.964863 
4.701000 -9.012466 -15.455408 -2.426368 -7.118238 15.081805 -5.546252 -7.871908 -21.026456 5.993862 24.002611 21.400058 1.978757 
4.751000 -9.080517 -15.567777 -2.449245 -7.171102 15.192908 -5.584923 -7.930321 -21.185570 6.041521 24.181939 21.560440 1.992647 
4.801000 -9.148572 -15.680132 -2.472147 -7.223965 15.304004 -5.623581 -7.988733 -21.344696 6.089195 24.361269 21.720824 2.006533 
4.851000 -9.216632 -15.792472 -2.495074 -7.276826 15.415094 -5.662225 -8.047143 -21.503834 6.136885 24.540600 21.881213 2.020414 
4.901000 -9.284696 -15.904798 -2.518024 -7.329686 15.526176 -5.700856 -8.105551 -21.662984 6.184589 24.719933 22.041605 2.034291 
4.951000 -9.352764 -16.017109 -2.540998 -7.382545 15.637253 -5.739473 -8.163958 -21.822145 6.232307 24.899268 22.202002 2.048164 
5.000000 -9.419475 -16.127160 -2.563535 -7.434346 15.746101 -5.777306 -8.221196 -21.978134 6.279085 25.075017 22.359193 2.061755 
5.050000 -9.487551 -16.239444 -2.586554 -7.487204 15.857165 -5.815898 -8.279600 -22.137317 6.326832 25.254355 22.519596 2.075619 
5.100000 -9.555631 -16.351714 -2.609596 -7.540060 15.968222 -5.854477 -8.338003 -22.296511 6.374593 25.433694 22.680003 2.089480 
5.150000 -9.623716 -16.463971 -2.632660 -7.592915 16.079274 -5.893043 -8.396404 -22.455716 6.422367 25.613035 22.840413 2.103336 
5.200000 -9.691804 -16.576214 -2.655746 -7.645769 16.190319 -5.931598 -8.454804 -22.614931 6.470155 25.792377 23.000826 2.117189 
5.250000 -9.759896 -16.688445 -2.678853 -7.698622 16.301358 -5.970140 -8.513203 -22.774157 6.517956 25.971720 23.161243 2.131037 
5.300000 -9.827991 -16.800662 -2.701981 -7.751474 16.412392 -6.008671 -8.571600 -22.933393 6.565771 26.151065 23.321663 2.144882 
5.350000 -9.896091 -16.912867 -2.725131 -7.804325 16.523420 -6.047190 -8.629996 -23.092639 6.613598 26.330412 23.482087 2.158723 
5.400000 -9.964194 -17.025060 -2.748300 -7.857175 16.634442 -6.085697 -8.688391 -23.251895 6.661437 26.509760 23.642513 2.172560 
5.450000 -10.032301 -17.137241 -2.771490 -7.910025 16.745459 -6.124194 -8.746784 -23.411161 6.709290 26.689109 23.802943 2.186394 
5.500000 -10.100411 -17.249409 -2.794700 -7.962873 16.856470 -6.162679 -8.805176 -23.570436 6.757154 26.868460 23.963375 2.200224 
5.550000 -10.168524 -17.361566 -2.817929 -8.015721 16.967476 -6.201153 -8.863567 -23.729722 6.805031 27.047812 24.123811 2.214051 
5.600000 -10.236642 -17.473711 -2.841177 -8.068567 17.078477 -6.239616 -8.921957 -23.889016 6.852919 27.227166 24.284250 2.227874 
5.650000 -10.304762 -17.585844 -2.864445 -8.121413 17.189472 -6.278068 -8.980345 -24.048320 6.900819 27.406520 24.444692 2.241694 
5.700000 -10.372886 -17.697966 -2.887731 -8.174258 17.300462 -6.316510 -9.038732 -24.207632 6.948731 27.585876 24.605136 2.255510 
5.750000 -10.441013 -17.810077 -2.911036 -8.227102 17.411448 -6.354942 -9.097119 -24.366954 6.996655 27.765234 24.765584 2.269323 
5.800000 -10.509144 -17.922177 -2.934359 -8.279945 17.522428 -6.393363 -9.155504 -24.526285 7.044589 27.944593 24.926034 2.283133 
5.850000 -10.577277 -18.034266 -2.957699 -8.332788 17.633403 -6.431775 -9.213887 -24.685624 7.092535 28.123952 25.086487 2.296939 
5.900000 -10.645414 -18.146345 -2.981058 -8.385629 17.744374 -6.470176 -9.272270 -24.844972 7.140491 28.303314 25.246943 2.310742 
5.950000 -10.713554 -18.258413 -3.004434 -8.438470 17.855339 -6.508568 -9.330652 -25.004329 7.188459 28.482676 25.407402 2.324543 
6.000000 -10.781697 -18.370470 -3.027827 -8.491310 17.966301 -6.546950 -9.389032 -25.163693 7.236437 28.662040 25.567863 2.338340 
6.050000 -10.849843 -18.482518 -3.051237 -8.544150 18.077257 -6.585322 -9.447411 -25.323066 7.284425 28.841405 25.728327 2.352134 
6.100000 -10.917993 -18.594555 -3.074663 -8.596988 18.188209 -6.623685 -9.505790 -25.482448 7.332424 29.020771 25.888794 2.365925 
6.150000 -10.986145 -18.706582 -3.098107 -8.649826 18.299156 -6.662039 -9.564167 -25.641837 7.380433 29.200138 26.049263 2.379713 
6.200000 -11.054300 -18.818600 -3.121566 -8.702663 18.410099 -6.700384 -9.622543 -25.801234 7.428453 29.379506 26.209734 2.393498 
6.250000 -11.122457 -18.930607 -3.145042 -8.755500 18.521038 -6.738720 -9.680919 -25.960639 7.476482 29.558876 26.370209 2.407280 
6.300000 -11.190618 -19.042606 -3.168533 -8.808335 18.631972 -6.777047 -9.739293 -26.120052 7.524521 29.738246 26.530685 2.421059 
6.350000 -11.258782 -19.154594 -3.192040 -8.861170 18.742903 -6.815365 -9.797666 -26.279473 7.572569 29.917618 26.691164 2.434836 
6.400000 -11.326948 -19.266574 -3.215562 -8.914004 18.853829 -6.853675 -9.856039 -26.438901 7.620627 30.096991 26.851646 2.448610 
6.450000 -11.395117 -19.378544 -3.239100 -8.966838 18.964750 -6.891976 -9.914410 -26.598336 7.668695 30.276365 27.012130 2.462381 
6.500000 -11.463289 -19.490505 -3.262652 -9.019671 19.075668 -6.930268 -9.972780 -26.757779 7.716771 30.455740 27.172616 2.476149 
6.550000 -11.531463 -19.602458 -3.286220 -9.072503 19.186582 -6.968553 -10.031150 -26.917229 7.764857 30.635116 27.333105 2.489915 
6.600000 -11.599640 -19.714401 -3.309802 -9.125335 19.297492 -7.006829 -10.089518 -27.076686 7.812952 30.814493 27.493595 2.503678 
6.650000 -11.667820 -19.826336 -3.333398 -9.178166 19.408398 -7.045097 -10.147886 -27.236150 7.861056 30.993872 27.654088 2.517438 
6.700000 -11.736002 -19.938262 -3.357009 -9.230996 19.519300 -7.083357 -10.206253 -27.395621 7.909169 31.173251 27.814584 2.531196 
6.750000 -11.804187 -20.050180 -3.380633 -9.283826 19.630198 -7.121609 -10.264619 -27.555099 7.957291 31.352631 27.975081 2.544952 
6.800000 -11.872374 -20.162089 -3.404272 -9.336655 19.741093 -7.159853 -10.322984 -27.714584 8.005421 31.532013 28.135581 2.558704 
6.850000 -11.940564 -20.273990 -3.427924 -9.389484 19.851984 -7.198090 -10.381348 -27.874076 8.053559 31.711395 28.296083 2.572455 
6.900000 -12.008756 -20.385883 -3.451590 -9.442311 19.962871 -7.236319 -10.439711 -28.033574 8.101706 31.890778 28.456587 2.586203 
6.950000 -12.076950 -20.497768 -3.475270 -9.495139 20.073754 -7.274541 -10.498074 -28.193079 8.149862 32.070163 28.617093 2.599948 
7.000000 -12.145147 -20.609645 -3.498962 -9.547965 20.184634 -7.312755 -10.556435 -28.352590 8.198025 32.249548 28.777601 2.613692 
7.050000 -12.213347 -20.721514 -3.522667 -9.600792 20.295511 -7.350962 -10.614796 -28.512108 8.246197 32.428934 28.938111 2.627432 
7.100000 -12.281548 -20.833375 -3.546386 -9.653617 20.406384 -7.389161 -10.673156 -28.671632 8.294376 32.608321 29.098623 2.641171 
7.150000 -12.349752 -20.945229 -3.570117 -9.706442 20.517254 -7.427354 -10.731515 -28.831162 8.342564 32.787710 29.259137 2.654907 
7.200000 -12.417959 -21.057075 -3.593861 -9.759267 20.628120 -7.465539 -10.789874 -28.990698 8.390759 32.967099 29.419653 2.668641 
7.250000 -12.486167 -21.168913 -3.617617 -9.812090 20.738983 -7.503718 -10.848231 -29.150241 8.438962 33.146489 29.580171 2.682373 
7.300000 -12.554378 -21.280745 -3.641385 -9.864914 20.849843 -7.541890 -10.906588 -29.309789 8.487172 33.325880 29.740691 2.696102 
7.350000 -12.622591 -21.392568 -3.665166 -9.917737 20.960699 -7.580054 -10.964944 -29.469344 8.535390 33.505271 29.901213 2.709830 
7.400000 -12.690806 -21.504385 -3.688958 -9.970559 21.071552 -7.618213 -11.023299 -29.628904 8.583616 33.684664 30.061737 2.723555 
7.450000 -12.759023 -21.616195 -3.712763 -10.023381 21.182402 -7.656364 -11.081654 -29.788470 8.631849 33.864058 30.222263 2.737278 
7.500000 -12.827242 -21.727997 -3.736579 -10.076202 21.293249 -7.694509 -11.140008 -29.948042 8.680089 34.043452 30.382790 2.750999 
7.550000 -12.895464 -21.839792 -3.760406 -10.129023 21.404093 -7.732648 -11.198361 -30.107620 8.728336 34.222847 30.543320 2.764718 
7.600000 -12.963687 -21.951581 -3.784246 -10.181843 21.514934 -7.770780 -11.256713 -30.267203 8.776590 34.402244 30.703851 2.778435 
7.650000 -13.031913 -22.063363 -3.808096 -10.234663 21.625771 -7.808905 -11.315065 -30.426792 8.824852 34.581641 30.864383 2.792150 
7.700000 -13.100140 -22.175138 -3.831958 -10.287482 21.736606 -7.847025 -11.373416 -30.586386 8.873120 34.761039 31.024918 2.805862 
7.750000 -13.168370 -22.286906 -3.855830 -10.340301 21.847438 -7.885138 -11.431766 -30.745986 8.921395 34.940437 31.185454 2.819573 
7.800000 -13.236602 -22.398668 -3.879714 -10.393119 21.958267 -7.923245 -11.490116 -30.905591 8.969677 35.119837 31.345993 2.833282 
7.850000 -13.304835 -22.510423 -3.903608 -10.445937 22.069093 -7.961346 -11.548465 -31.065202 9.017966 35.299237 31.506532 2.846989 
7.900000 -13.373071 -22.622172 -3.927513 -10.498754 22.179916 -7.999441 -11.606813 -31.224818 9.066261 35.478638 31.667074 2.860694 
7.950000 -13.441308 -22.733915 -3.951429 -10.551571 22.290736 -8.037531 -11.665161 -31.384439 9.114563 35.658040 31.827617 2.874397 
8.000000 -13.509548 -22.845651 -3.975355 -10.604388 22.401554 -8.075614 -11.723508 -31.544065 9.162871 35.837443 31.988162 2.888098 
8.050000 -13.577789 -22.957381 -3.999292 -10.657204 22.512369 -8.113692 -11.781854 -31.703696 9.211186 36.016847 32.148708 2.901798 
8.100000 -13.646032 -23.069105 -4.023239 -10.710019 22.623181 -8.151763 -11.840200 -31.863332 9.259507 36.196251 32.309256 2.915495 
8.150000 -13.714277 -23.180822 -4.047195 -10.762834 22.733990 -8.189830 -11.898545 -32.022973 9.307834 36.375656 32.469805 2.929191 
8.200000 -13.782524 -23.292534 -4.071162 -10.815649 22.844797 -8.227890 -11.956889 -32.182619 9.356168 36.555062 32.630357 2.942885 
8.250000 -13.850772 -23.404240 -4.095139 -10.868463 22.955601 -8.265945 -12.015233 -32.342270 9.404507 36.734468 32.790909 2.956577 
8.300000 -13.919022 -23.515940 -4.119126 -10.921277 23.066403 -8.303995 -12.073576 -32.501926 9.452853 36.913876 32.951464 2.970267 
8.350000 -13.987275 -23.627634 -4.143122 -10.974090 23.177201 -8.342039 -12.131919 -32.661587 9.501205 37.093284 33.112019 2.983956 
8.400000 -14.055528 -23.739322 -4.167128 -11.026903 23.287998 -8.380078 -12.190261 -32.821252 9.549563 37.272693 33.272577 2.997643 
8.450000 -14.123784 -23.851005 -4.191143 -11.079716 23.398792 -8.418111 -12.248602 -32.980922 9.597926 37.452102 33.433135 3.011328 
8.500000 -14.192041 -23.962682 -4.215168 -11.132528 23.509583 -8.456140 -12.306943 -33.140597 9.646296 37.631512 33.593696 3.025012 
8.550000 -14.260300 -24.074353 -4.239202 -11.185340 23.620372 -8.494163 -12.365283 -33.300276 9.694671 37.810923 33.754257 3.038693 
8.600000 -14.328561 -24.186019 -4.263245 -11.238151 23.731159 -8.532181 -12.423623 -33.459960 9.743052 37.990335 33.914820 3.052374 
8.650000 -14.396823 -24.297680 -4.287297 -11.290962 23.841943 -8.570193 -12.481962 -33.619648 9.791438 38.169748 34.075385 3.066052 
8.700000 -14.465087 -24.409335 -4.311358 -11.343773 23.952725 -8.608201 -12.540301 -33.779341 9.839830 38.349161 34.235951 3.079729 
8.750000 -14.533353 -24.520984 -4.335429 -11.396583 24.063504 -8.646204 -12.598639 -33.939038 9.888228 38.528574 34.396518 3.093405 
8.800000 -14.601620 -24.632629 -4.359508 -11.449393 24.174281 -8.684202 -12.656976 -34.098740 9.936631 38.707989 34.557087 3.107078 
8.850000 -14.669889 -24.744268 -4.383595 -11.502202 24.285056 -8.722195 -12.715313 -34.258446 9.985039 38.887404 34.717657 3.120751 
8.900000 -14.738159 -24.855902 -4.407692 -11.555011 24.395829 -8.760183 -12.773649 -34.418156 10.033453 39.066820 34.878229 3.134421 
8.950000 -14.806431 -24.967530 -4.431797 -11.607820 24.506599 -8.798166 -12.831985 -34.577870 10.081873 39.246236 35.038802 3.148090 
9.000000 -14.874705 -25.079154 -4.455910 -11.660628 24.617367 -8.836145 -12.890320 -34.737589 10.130297 39.425653 35.199376 3.161758 
9.050000 -14.942980 -25.190773 -4.480032 -11.713436 24.728133 -8.874119 -12.948655 -34.897311 10.178727 39.605071 35.359951 3.175424 
9.100000 -15.011256 -25.302387 -4.504162 -11.766244 24.838896 -8.912088 -13.006990 -35.057038 10.227161 39.784490 35.520528 3.189089 
9.150000 -15.079534 -25.413995 -4.528301 -11.819051 24.949658 -8.950053 -13.065323 -35.216769 10.275601 39.963909 35.681106 3.202752 
9.200000 -15.147814 -25.525599 -4.552447 -11.871858 25.060417 -8.988013 -13.123656 -35.376504 10.324046 40.143328 35.841686 3.216414 
9.250000 -15.216095 -25.637198 -4.576602 -11.924665 25.171174 -9.025969 -13.181989 -35.536243 10.372496 40.322749 36.002266 3.230074 
9.300000 -15.284377 -25.748792 -4.600764 -11.977471 25.281929 -9.063920 -13.240321 -35.695985 10.420951 40.502170 36.162848 3.243733 
9.350000 -15.352661 -25.860382 -4.624935 -12.030277 25.392683 -9.101866 -13.298653 -35.855732 10.469411 40.681591 36.323432 3.257390 
9.400000 -15.420947 -25.971967 -4.649113 -12.083082 25.503433 -9.139809 -13.356984 -36.015483 10.517876 40.861013 36.484016 3.271046 
9.450000 -15.489233 -26.083547 -4.673299 -12.135887 25.614182 -9.177747 -13.415315 -36.175237 10.566345 41.040436 36.644602 3.284701 
9.500000 -15.557522 -26.195122 -4.697493 -12.188692 25.724929 -9.215681 -13.473646 -36.334995 10.614819 41.219860 36.805188 3.298354 
9.550000 -15.625811 -26.306693 -4.721694 -12.241497 25.835674 -9.253610 -13.531975 -36.494757 10.663298 41.399284 36.965776 3.312006 
9.600000 -15.694102 -26.418260 -4.745903 -12.294301 25.946417 -9.291535 -13.590305 -36.654523 10.711782 41.578708 37.126366 3.325656 
9.650000 -15.762395 -26.529822 -4.770120 -12.347105 26.057158 -9.329456 -13.648634 -36.814293 10.760270 41.758133 37.286956 3.339306 
9.700000 -15.830688 -26.641379 -4.794343 -12.399909 26.167897 -9.367373 -13.706962 -36.974066 10.808763 41.937559 37.447548 3.352953 
9.750000 -15.898983 -26.752933 -4.818574 -12.452712 26.278635 -9.405286 -13.765290 -37.133843 10.857261 42.116985 37.608140 3.366600 
9.800000 -15.967280 -26.864481 -4.842813 -12.505515 26.389370 -9.443195 -13.823618 -37.293623 10.905763 42.296412 37.768734 3.380245 
9.851000 -16.036943 -26.978257 -4.867543 -12.559374 26.502318 -9.481858 -13.883111 -37.456603 10.955239 42.479428 37.932541 3.394162 
9.901000 -16.105242 -27.089797 -4.891796 -12.612176 26.613049 -9.519759 -13.941438 -37.616390 11.003750 42.658856 38.093137 3.407805 
9.951000 -16.173543 -27.201333 -4.916056 -12.664978 26.723779 -9.557655 -13.999764 -37.776181 11.052265 42.838285 38.253735 3.421446 
10.001000 -16.241844 -27.312864 -4.940323 -12.717780 26.834507 -9.595548 -14.058090 -37.935976 11.100785 43.017714 38.414333 3.435086 
10.051000 -16.310147 -27.424392 -4.964597 -12.770581 26.945233 -9.633437 -14.116415 -38.095774 11.149309 43.197144 38.574933 3.448725 
10.101000 -16.378451 -27.535915 -4.988878 -12.823383 27.055957 -9.671322 -14.174740 -38.255575 11.197837 43.376574 38.735533 3.462363 
10.151000 -16.446757 -27.647435 -5.013165 -12.876184 27.166680 -9.709204 -14.233065 -38.415380 11.246370 43.556005 38.896135 3.475999 
10.201000 -16.515064 -27.758950 -5.037460 -12.928984 27.277400 -9.747081 -14.291389 -38.575188 11.294906 43.735436 39.056738 3.489634 
10.251000 -16.583371 -27.870461 -5.061760 -12.981785 27.388119 -9.784955 -14.349712 -38.734999 11.343447 43.914868 39.217341 3.503268 
10.301000 -16.651681 -27.981969 -5.086068 -13.034585 27.498837 -9.822825 -14.408036 -38.894814 11.391992 44.094301 39.377946 3.516901 
10.351000 -16.719991 -28.093472 -5.110382 -13.087384 27.609552 -9.860692 -14.466358 -39.054632 11.440541 44.273734 39.538552 3.530533 
10.401000 -16.788302 -28.204971 -5.134703 -13.140184 27.720266 -9.898555 -14.524681 -39.214453 11.489094 44.453167 39.699159 3.544163 
10.451000 -16.856615 -28.316467 -5.159030 -13.192983 27.830978 -9.936414 -14.583003 -39.374278 11.537651 44.632601 39.859767 3.557793 
10.501000 -16.924929 -28.427959 -5.183364 -13.245782 27.941689 -9.974270 -14.641325 -39.534105 11.586212 44.812036 40.020376 3.571421 
10.551000 -16.993244 -28.539447 -5.207704 -13.298581 28.052397 -10.012122 -14.699646 -39.693936 11.634777 44.991471 40.180986 3.585048 
10.601000 -17.061560 -28.650931 -5.232050 -13.351379 28.163105 -10.049970 -14.757967 -39.853770 11.683346 45.170906 40.341596 3.598674 
10.651000 -17.129878 -28.762412 -5.256402 -13.404177 28.273810 -10.087815 -14.816287 -40.013607 11.731919 45.350342 40.502208 3.612299 
10.701000 -17.198196 -28.873888 -5.280761 -13.456975 28.384514 -10.125657 -14.874607 -40.173447 11.780495 45.529779 40.662821 3.625923 
10.751000 -17.266516 -28.985362 -5.305126 -13.509773 28.495217 -10.163495 -14.932927 -40.333290 11.829076 45.709216 40.823435 3.639545 
10.801000 -17.334836 -29.096831 -5.329497 -13.562570 28.605917 -10.201330 -14.991246 -40.493136 11.877660 45.888653 40.984050 3.653167 
10.851000 -17.403158 -29.208297 -5.353873 -13.615367 28.716617 -10.239162 -15.049565 -40.652985 11.926248 46.068091 41.144666 3.666787 
10.901000 -17.471481 -29.319759 -5.378256 -13.668164 28.827314 -10.276990 -15.107884 -40.812838 11.974839 46.247529 41.305282 3.680407 
10.951000 -17.539805 -29.431218 -5.402645 -13.720961 28.938011 -10.314815 -15.166202 -40.972693 12.023435 46.426968 41.465900 3.694025 
11.001000 -17.608131 -29.542673 -5.427040 -13.773757 29.048705 -10.352636 -15.224520 -41.132551 12.072034 46.606408 41.626518 3.707642 
11.051000 -17.676457 -29.654125 -5.451440 -13.826553 29.159398 -10.390454 -15.282838 -41.292411 12.120636 46.785848 41.787138 3.721258 
11.101000 -17.744784 -29.765573 -5.475847 -13.879349 29.270090 -10.428270 -15.341155 -41.452275 12.169242 46.965288 41.947758 3.734874 
11.151000 -17.813112 -29.877018 -5.500259 -13.932145 29.380780 -10.466081 -15.399471 -41.612142 12.217852 47.144729 42.108380 3.748488 
11.201000 -17.881442 -29.988460 -5.524676 -13.984940 29.491469 -10.503890 -15.457788 -41.772011 12.266465 47.324170 42.269002 3.762101 
11.251000 -17.949772 -30.099898 -5.549100 -14.037736 29.602156 -10.541696 -15.516104 -41.931884 12.315082 47.503612 42.429625 3.775713 
11.301000 -18.018104 -30.211332 -5.573528 -14.090531 29.712842 -10.579498 -15.574420 -42.091759 12.363702 47.683054 42.590249 3.789324 
11.351000 -18.086436 -30.322764 -5.597963 -14.143325 29.823526 -10.617298 -15.632735 -42.251636 12.412326 47.862497 42.750874 3.802934 
11.401000 -18.154770 -30.434192 -5.622403 -14.196120 29.934209 -10.655094 -15.691050 -42.411517 12.460953 48.041940 42.911500 3.816544 
11.451000 -18.223104 -30.545617 -5.646848 -14.248914 30.044891 -10.692887 -15.749365 -42.571400 12.509584 48.221383 43.072126 3.830152 
11.501000 -18.291440 -30.657038 -5.671299 -14.301708 30.155571 -10.730677 -15.807679 -42.731286 12.558217 48.400827 43.232754 3.843759 
11.551000 -18.359776 -30.768457 -5.695755 -14.354502 30.266250 -10.768464 -15.865994 -42.891175 12.606855 48.580272 43.393382 3.857365 
11.601000 -18.428114 -30.879872 -5.720217 -14.407295 30.376927 -10.806249 -15.924307 -43.051066 12.655495 48.759716 43.554011 3.870971 
11.651000 -18.496452 -30.991284 -5.744684 -14.460089 30.487603 -10.844030 -15.982621 -43.210960 12.704139 48.939162 43.714641 3.884575 
11.701000 -18.564792 -31.102693 -5.769156 -14.512882 30.598278 -10.881808 -16.040934 -43.370857 12.752786 49.118607 43.875272 3.898178 
11.751000 -18.633132 -31.214099 -5.793633 -14.565675 30.708951 -10.919584 -16.099247 -43.530756 12.801436 49.298054 44.035903 3.911781 
11.801000 -18.701474 -31.325502 -5.818116 -14.618468 30.819623 -10.957356 -16.157559 -43.690658 12.850089 49.477500 44.196536 3.925383 
11.851000 -18.769816 -31.436902 -5.842603 -14.671260 30.930294 -10.995126 -16.215871 -43.850562 12.898746 49.656947 44.357169 3.938983 
11.901000 -18.838159 -31.548298 -5.867096 -14.724052 31.040964 -11.032893 -16.274183 -44.010469 12.947406 49.836395 44.517803 3.952583 
11.951000 -18.906503 -31.659692 -5.891593 -14.776844 31.151632 -11.070657 -16.332495 -44.170378 12.996069 50.015842 44.678438 3.966182 
12.001000 -18.974848 -31.771083 -5.916096 -14.829636 31.262298 -11.108418 -16.390806 -44.330290 13.044735 50.195291 44.839074 3.979780 
12.051000 -19.043194 -31.882470 -5.940604 -14.882428 31.372964 -11.146177 -16.449117 -44.490204 13.093404 50.374739 44.999710 3.993377 
12.101000 -19.111541 -31.993855 -5.965116 -14.935219 31.483628 -11.183933 -16.507427 -44.650121 13.142076 50.554188 45.160347 4.006973 
12.151000 -19.179889 -32.105237 -5.989634 -14.988011 31.594291 -11.221686 -16.565738 -44.810040 13.190751 50.733638 45.320985 4.020568 
12.201000 -19.248238 -32.216616 -6.014156 -15.040802 31.704953 -11.259436 -16.624048 -44.969962 13.239429 50.913087 45.481624 4.034163 
12.251000 -19.316588 -32.327992 -6.038683 -15.093593 31.815614 -11.297184 -16.682357 -45.129886 13.288111 51.092538 45.642264 4.047756 
12.301000 -19.384938 -32.439365 -6.063215 -15.146383 31.926273 -11.334929 -16.740667 -45.289812 13.336795 51.271988 45.802904 4.061349 
12.351000 -19.453290 -32.550735 -6.087752 -15.199174 32.036931 -11.372671 -16.798976 -45.449741 13.385482 51.451439 45.963545 4.074941 
12.401000 -19.521642 -32.662103 -6.112293 -15.251964 32.147588 -11.410411 -16.857285 -45.609672 13.434172 51.630891 46.124187 4.088532 
12.451000 -19.589995 -32.773468 -6.136839 -15.304754 32.258244 -11.448148 -16.915593 -45.769605 13.482865 51.810342 46.284829 4.102122 
12.501000 -19.658349 -32.884830 -6.161390 -15.357544 32.368898 -11.485883 -16.973902 -45.929541 13.531561 51.989795 46.445473 4.115712 
12.551000 -19.726704 -32.996189 -6.185945 -15.410334 32.479552 -11.523615 -17.032210 -46.089479 13.580259 52.169247 46.606117 4.129300 
12.601000 -19.795060 -33.107546 -6.210505 -15.463123 32.590204 -11.561344 -17.090517 -46.249420 13.628961 52.348700 46.766761 4.142888 
12.651000 -19.863416 -33.218899 -6.235070 -15.515912 32.700855 -11.599071 -17.148825 -46.409362 13.677665 52.528153 46.927407 4.156475 
12.701000 -19.931774 -33.330251 -6.259638 -15.568702 32.811505 -11.636795 -17.207132 -46.569307 13.726372 52.707607 47.088053 4.170061 
12.751000 -20.000132 -33.441599 -6.284212 -15.621491 32.922153 -11.674517 -17.265439 -46.729254 13.775082 52.887061 47.248700 4.183647 
12.801000 -20.068491 -33.552945 -6.308790 -15.674279 33.032801 -11.712237 -17.323745 -46.889203 13.823795 53.066516 47.409347 4.197231 
12.851000 -20.136851 -33.664288 -6.333372 -15.727068 33.143448 -11.749954 -17.382052 -47.049155 13.872510 53.245970 47.569996 4.210815 
12.901000 -20.205211 -33.775629 -6.357958 -15.779856 33.254093 -11.787668 -17.440358 -47.209109 13.921229 53.425426 47.730645 4.224398 
12.951000 -20.273573 -33.886967 -6.382549 -15.832644 33.364737 -11.825380 -17.498664 -47.369065 13.969949 53.604881 47.891294 4.237980 
13.001000 -20.341935 -33.998302 -6.407144 -15.885433 33.475380 -11.863090 -17.556969 -47.529023 14.018673 53.784337 48.051944 4.251562 
13.051000 -20.410298 -34.109635 -6.431744 -15.938220 33.586022 -11.900797 -17.615275 -47.688983 14.067399 53.963793 48.212595 4.265142 
13.101000 -20.478662 -34.220965 -6.456348 -15.991008 33.696663 -11.938502 -17.673580 -47.848945 14.116128 54.143250 48.373247 4.278722 
13.151000 -20.547027 -34.332293 -6.480956 -16.043796 33.807303 -11.976205 -17.731884 -48.008909 14.164859 54.322707 48.533899 4.292301 
13.201000 -20.615392 -34.443619 -6.505568 -16.096583 33.917942 -12.013905 -17.790189 -48.168876 14.213593 54.502164 48.694553 4.305880 
13.251000 -20.683758 -34.554942 -6.530184 -16.149370 34.028580 -12.051603 -17.848493 -48.328845 14.262330 54.681622 48.855206 4.319457 
13.301000 -20.752125 -34.666262 -6.554805 -16.202157 34.139217 -12.089299 -17.906797 -48.488815 14.311069 54.861080 49.015860 4.333034 
13.351000 -20.820493 -34.777580 -6.579429 -16.254944 34.249852 -12.126992 -17.965101 -48.648788 14.359811 55.040538 49.176515 4.346611 
13.401000 -20.888862 -34.888895 -6.604058 -16.307731 34.360487 -12.164683 -18.023404 -48.808763 14.408555 55.219997 49.337171 4.360186 
13.451000 -20.957231 -35.000209 -6.628690 -16.360517 34.471121 -12.202372 -18.081708 -48.968739 14.457302 55.399456 49.497827 4.373761 
13.501000 -21.025601 -35.111519 -6.653327 -16.413303 34.581753 -12.240059 -18.140011 -49.128718 14.506051 55.578915 49.658484 4.387335 
13.551000 -21.093971 -35.222828 -6.677968 -16.466090 34.692385 -12.277743 -18.198313 -49.288699 14.554803 55.758375 49.819142 4.400908 
13.601000 -21.162343 -35.334134 -6.702612 -16.518876 34.803015 -12.315425 -18.256616 -49.448682 14.603557 55.937835 49.979800 4.414481 
13.651000 -21.230715 -35.445437 -6.727261 -16.571662 34.913645 -12.353105 -18.314918 -49.608666 14.652313 56.117295 50.140459 4.428053 
13.701000 -21.299088 -35.556739 -6.751913 -16.624447 35.024274 -12.390783 -18.373220 -49.768653 14.701072 56.296756 50.301118 4.441624 
13.751000 -21.367462 -35.668038 -6.776570 -16.677233 35.134901 -12.428459 -18.431522 -49.928642 14.749834 56.476216 50.461778 4.455195 
13.801000 -21.435836 -35.779334 -6.801230 -16.730018 35.245528 -12.466132 -18.489824 -50.088632 14.798598 56.655678 50.622439 4.468764 
13.851000 -21.504211 -35.890629 -6.825894 -16.782803 35.356153 -12.503804 -18.548125 -50.248625 14.847364 56.835139 50.783100 4.482334 
13.901000 -21.572587 -36.001921 -6.850562 -16.835588 35.466778 -12.541473 -18.606426 -50.408619 14.896132 57.014601 50.943762 4.495902 
13.951000 -21.640963 -36.113211 -6.875233 -16.888373 35.577402 -12.579140 -18.664727 -50.568615 14.944903 57.194064 51.104424 4.509470 
14.001000 -21.709341 -36.224499 -6.899908 -16.941158 35.688025 -12.616805 -18.723028 -50.728613 14.993677 57.373526 51.265087 4.523037 
14.051000 -21.777719 -36.335784 -6.924588 -16.993943 35.798646 -12.654468 -18.781328 -50.888613 15.042452 57.552989 51.425751 4.536603 
14.101000 -21.846097 -36.447067 -6.949270 -17.046727 35.909267 -12.692129 -18.839628 -51.048615 15.091230 57.732452 51.586415 4.550169 
14.151000 -21.914476 -36.558348 -6.973957 -17.099511 36.019887 -12.729788 -18.897928 -51.208619 15.140010 57.911916 51.747080 4.563734 
14.201000 -21.982856 -36.669627 -6.998647 -17.152296 36.130506 -12.767445 -18.956228 -51.368625 15.188793 58.091380 51.907745 4.577299 
14.251000 -22.051237 -36.780904 -7.023340 -17.205080 36.241125 -12.805100 -19.014527 -51.528632 15.237577 58.270844 52.068411 4.590863 
14.301000 -22.119618 -36.892179 -7.048038 -17.257863 36.351742 -12.842753 -19.072827 -51.688641 15.286364 58.450308 52.229078 4.604426 
14.351000 -22.188000 -37.003451 -7.072739 -17.310647 36.462358 -12.880403 -19.131126 -51.848652 15.335153 58.629773 52.389745 4.617989 
14.401000 -22.256383 -37.114721 -7.097443 -17.363431 36.572973 -12.918052 -19.189425 -52.008665 15.383945 58.809238 52.550413 4.631551 
14.451000 -22.324766 -37.225990 -7.122151 -17.416214 36.683588 -12.955699 -19.247723 -52.168679 15.432738 58.988703 52.711081 4.645112 
14.501000 -22.393150 -37.337256 -7.146863 -17.468997 36.794202 -12.993344 -19.306022 -52.328696 15.481534 59.168169 52.871750 4.658673 
14.551000 -22.461535 -37.448520 -7.171577 -17.521781 36.904814 -13.030987 -19.364320 -52.488714 15.530332 59.347635 53.032419 4.672233 
14.601000 -22.529920 -37.559782 -7.196296 -17.574564 37.015426 -13.068628 -19.422618 -52.648733 15.579132 59.527101 53.193089 4.685792 
14.651000 -22.598306 -37.671042 -7.221018 -17.627346 37.126037 -13.106267 -19.480916 -52.808755 15.627934 59.706568 53.353759 4.699351 
14.701000 -22.666692 -37.782300 -7.245743 -17.680129 37.236647 -13.143905 -19.539213 -52.968778 15.676738 59.886035 53.514430 4.712909 
14.751000 -22.735079 -37.893556 -7.270472 -17.732912 37.347257 -13.181540 -19.597511 -53.128803 15.725545 60.065502 53.675102 4.726467 
14.801000 -22.803467 -38.004810 -7.295204 -17.785694 37.457865 -13.219174 -19.655808 -53.288829 15.774353 60.244969 53.835774 4.740024 
14.851000 -22.871855 -38.116061 -7.319939 -17.838477 37.568473 -13.256805 -19.714105 -53.448858 15.823164 60.424437 53.996446 4.753580 
14.901000 -22.940244 -38.227311 -7.344678 -17.891259 37.679079 -13.294435 -19.772402 -53.608888 15.871977 60.603905 54.157120 4.767136 
14.951000 -23.008634 -38.338559 -7.369420 -17.944041 37.789685 -13.332063 -19.830698 -53.768919 15.920791 60.783373 54.317793 4.780691 
